100
9412 3093 9984 3093
4287 6498 5282 6498
3053 4184 3053 9069
731 476 731 667
6070 3778 6548 3778
9820 6405 9820 9201
5777 1816 8724 1816
3708 5035 3708 8910
8127 4989 8312 4989
3402 5484 4228 5484
1583 3319 1583 5034
3794 1748 9895 1748
7439 7579 8329 7579
3987 6294 5368 6294
8110 7877 8494 7877
4827 2400 4827 5306
9301 2685 9301 8732
8168 9424 8168 9687
2745 2308 5400 2308
5969 8267 7056 8267
7761 2591 9189 2591
8885 2724 9534 2724
2516 2247 4398 2247
4647 3327 4647 7032
6011 9500 9628 9500
842 7730 5439 7730
1953 3655 1953 9894
3837 2273 3837 9204
6776 7744 6776 9671
470 607 470 6724
2853 1048 4952 1048
4374 4458 4374 4487
5873 5761 6094 5761
5406 8069 9932 8069
3639 4255 7304 4255
6527 444 6527 3658
8187 4340 9500 4340
4946 9284 4946 9670
335 7714 8723 7714
2174 6319 2174 6842
2082 1146 8709 1146
1130 6976 9053 6976
3146 2046 4836 2046
4402 3236 7598 3236
7575 9602 8779 9602
8888 550 9786 550
8263 1365 8263 9728
7683 511 9017 511
3569 8987 3569 9393
7878 5931 7878 8080
9890 5541 9890 8012
8776 9419 9191 9419
9023 5790 9064 5790
6339 3028 6339 4803
6305 641 9842 641
3064 1183 5113 1183
2085 6752 2085 9062
4599 6540 4599 8941
3996 5518 3996 7666
4940 3327 6795 3327
9116 3748 9818 3748
8689 8587 9862 8587
9227 4674 9227 8211
5856 400 5856 8327
7151 4086 7151 9181
629 2726 629 6635
8243 2684 9362 2684
6010 4183 7152 4183
9844 6685 9929 6685
5274 8304 8050 8304
2980 6347 2980 7660
6746 1466 9072 1466
5552 2341 5844 2341
6979 1464 6979 7928
6060 5859 7173 5859
1957 3216 1957 4210
1817 5442 8431 5442
3748 5786 3748 5915
4048 6047 9989 6047
7513 3826 7727 3826
6166 1830 7042 1830
5206 7706 6853 7706
5480 4438 9802 4438
9567 6280 9726 6280
3637 1495 3637 1801
9193 5813 9193 5928
1862 9244 1862 9298
3072 6389 3072 9775
135 7430 470 7430
7052 330 7052 5491
6680 3775 8593 3775
1970 3041 1970 7675
6448 1854 9658 1854
9579 4759 9672 4759
4006 8666 4711 8666
6970 917 7705 917
8347 188 9839 188
2430 970 9359 970
6657 3649 7070 3649
8602 2566 8602 2604